7920104
7920105
7920106
7920107
7920108
7920109
7920110
7920111
7920112
7920115
7920116
7920117
7920118
7920119
7920120
7920121
7920122
7920123
7920125
7920126
7920128
7920129
7920131
7920132
7920133
7920136
7920137
7920138
7920139
7920141
7920143
7920144
7920145
7920146
7920147
7920148
7920149
7920150
7920151
7920152
7920153
7920154
7920155
7920156
7920158
7920162
7920163
7920164
7920165
7920167
7920171
7920173
7920174
7920175
7920176
7920177
7920178
7920179
7920180
7920181
7920182
7920185
7920187
7920188
7920189
7920190
7920191
7920192
7920193
7920195
7920196
7920198
7920199
7920200
7920201
7920202
7920203
7920204
7920205
7920206
7920207
7920208
7920210
7920211
7920214
7920215
7920216
7920218
7920219
7920220
7920221
7920222
7920223
7920224
7920225
7920226
7920227
7920228
7920229
7920231
7920232
7920233
7920234
7920238
7920240
7920241
7920242
7920243
7920244
7920245
7920246
7920249
7920250
7920251
7920252
7920254
7920255
7920257
7920258
7920259
7920260
7920261
7920262
7920263
7920264
7920265
7920266
7920267
7920268
7920269
7920270
7920271
7920272
7920273
7920275
7920276
7920278
7920280
7920281
7920282
7920283
7920284
7920285
7920286
7920288
7920289
7920290
7920291
7920292
7920293
7920294
7920295
7920296
7920297
7920299
7920300
7920301
7920302
7920303
7920304
7920305
7920306
7920307
7920308
7920309
7920310
7920311
7920312
7920313
7920314
7920315
7920316
7920317
7920318
7920319
7920321
7920322
7920323
7920324
7920325
7920326
7920327
7920328
7920331
7920332
7920333
7920336
7920337
7920338
7920339
7920340
7920341
7920345
7920346
7920347
7920348
7920349
7920350
7920351
7920352
7920353
7920354
7920355
7920356
7920357
7920361
7920363
7920365
7920366
7920367
7920368
7920369
7920370
7920371
7920372
7920373
7920374
7920375
7920377
7920378
7920379
7920380
7920381
7920382
7920384
7920385
7920386
7920387
7920388
7920389
7920391
7920392
7920393
7920394
7920395
7920396
7920397
7920398
7920399
7920400
7920403
7920404
7920405
7920407
7920409
7920411
7920413
7920414
7920415
7920422
7920424
7920426
7920427
7920428
7920429
7920430
7920431
7920433
7920436
7920437
7920439
7920440
7920441
7920442
7920443
7920444
7920445
7920446
7920447
7920448
7920449
7920450
7920451
7920455
7920456
7920457
7920458
7920460
7920461
7920462
7920463
7920464
7920466
7920468
7920469
7920470
7920472
7920473
7920474
7920475
7920476
7920477
7920478
7920479
7920480
7920481
7920483
7920484
7920485
7920486
7920487
7920488
7920489
7920491
7920492
7920493
7920494
7920495
7920496
7920497
7920498
7920499
7920500
7920501
7920502
7920503
7920504
7920505
7920506
7920507
7920508
7920509
7920510
7920511
7920512
7920513
7920514
7920515
7920516
7920518
7920519
7920520
7920521
7920522
7920523
7920524
7920525
7920526
7920529
7920530
7920531
7920532
7920533
7920534
7920535
7920536
7920539
7920540
7920541
7920542
7920545
7920547
7920548
7920549
7920550
7920551
7920552
7920553
7920554
7920555
7920556
7920557
7920558
7920559
7920560
7920561
7920562
7920563
7920564
7920566
7920567
7920568
7920569
7920570
7920571
7920572
7920573
7920574
7920575
7920576
7920577
7920578
7920579
7920581
7920582
7920584
7920586
7920589
7920590
7920591
7920592
7920593
7920594
7920595
7920596
7920597
7920598
7920599
7920600
7920601
7920602
7920603
7920605
7920606
7920607
7920608
7920609
7920610
7920611
7920613
7920615
7920616
7920617
7920618
7920620
7920622
7920624
7920626
7920627
7920629
7920630
7920631
7920633
7920635
7920636
7920637
7920638
7920640
7920641
7920642
7920643
7920644
7920645
7920647
7920648
7920649
7920650
7920651
7920652
7920653
7920654
7920655
7920657
7920658
7920659
7920660
7920661
7920662
7920663
7920664
7920666
7920667
7920668
7920670
7920672
7920673
7920674
7920676
7920677
7920678
7920679
7920680
7920681
7920682
7920683
7920685
7920690
7920691
7920693
7920694
7920695
7920697
7920698
7920700
7920702
7920703
7920769
7920770
7920772
7920773
7920774
7920775
7920776
7920777
7920778
7920779
7920780
7920781
7920782
7920783
7920784
7920785
7920786
7920787
7920788
7920789
7920791
7920792
7920793
7920796
7920797
7920799
7920800
7920801
7920802
7920803
7920804
7920805
7920806
7920807
7920808
7920809
7920810
7920812
7920813
7920814
7920815
7920816
7920818
7920820
7920821
7920822
7920823
7920824
7920825
7920826
7920827
7920828
7920829
7920832
7920833
7920835
7920836
7920837
7920838
7920839
7920840
7920841
7920843
7920845
7920846
7920847
7920848
7920849
7920850
7920851
7920852
7920853
7920855
7920856
7920857
7920858
7920859
7920860
7920861
7920862
7920863
7920864
7920865
7920866
7920867
7920868
7920870
7920871
7920872
7920873
7920874
7920875
7920876
7920878
7920879
7920880
7920882
7920883
7920884
7920885
7920886
7920887
7920889
7920890
7920891
7920892
7920893
7920894
7920896
7920898
7920899
7920900
7920902
7920904
7920905
7920906
7920907
7920908
7920909
7920910
7920912
7920913
7920915
7920916
7920918
7920919
7920920
7920921
7920922
7920924
7920926
7920927
7920928
7920929
7920930
7920931
7920932
7920933
7920934
7920935
7920938
7920939
7920940
7920941
7920943
7920948
7920949
7920950
7920951
7920953
7920954
7920955
7920959
7920962
7920963
7920964
7920965
7920967
7920970
7920973
7920974
7920975
7920976
7920978
7920979
7920980
7920982
7920983
7920986
7920987
7920988
7920989
7920990
7920991
7920995
7920998
7920999
7921000
7921001
7921002
7921003
7921004
7921005
7921006
7921007
7921009
7921010
7921011
7921012
7921013
7921014
7921015
7921017
7921018
7921019
7921020
7921021
7921022
7921024
7921026
7921027
7921028
7921029
7921030
7921031
7921032
7921033
7921035
7921036
7921037
7921039
7921040
7921041
7921042
7921043
7921044
7921045
7921046
7921047
7921048
7921049
7921050
7921052
7921053
7921054
7921055
7921057
7921058
7921059
7921060
7921062
7921063
7921064
7921065
7921066
7921067
7921068
7921069
7921070
7921071
7921073
7921074
7921075
7921076
7921077
7921078
7921079
7921080
7921081
7921082
7921083
7921084
7921086
7921087
7921089
7921090
7921091
7921092
7921093
7921094
7921095
7921096
7921097
7921099
7921101
7921102
7921104
7921106
7921107
7921108
7921109
7921110
7921111
7921113
7921114
7921115
7921116
7921117
7921120
7921121
7921122
7921123
7921124
7921126
7921127
7921128
7921129
7921130
7921131
7921132
7921133
7921134
7921135
7921136
7921137
7921139
7921140
7921141
7921142
7921143
7921144
7921145
7921146
7921147
7921148
7921149
7921150
7921151
7921152
7921153
7921154
7921155
7921156
7921157
7921158
7921159
7921160
7921161
7921163
7921164
7921165
7921166
7921169
7921170
7921171
7921175
7921176
7921179
7921180
7921184
7921185
7921186
7921187
7921188
7921189
7921191
7921192
7921193
7921194
7921195
7921196
7921197
7921198
7921199
7921200
7921201
7921203
7921204
7921205
7921206
7921210
7921211
7921212
7921213
7921216
7921217
7921218
7921219
7921220
7921221
7921223
7921224
7921227
7921228
7921231
7921232
7921233
7921234
7921236
7921237
7921239
7921240
7921241
7921242
7921243
7921245
7921246
7921248
7921251
7921253
7921256
7921258
7921262
7921265
7921273
7921274
7921278
7921281
7921289
7921290
7921291
7921292
7921293
7921294
7921295
7921296
7921297
7921298
7921299
7921301
7921302
7921303
7921304
7921305
7921306
7921307
7921308
7921309
7921310
7921311
7921312
7921313
7921314
7921315
7921316
7921317
7921318
7921320
7921321
7921322
7921323
7921328
7921329
7921330
7921333
7921334
7921335
7921336
7921337
7921339
7921340
7921343
7921345
7921348
7921350
7921351
7921352
7921353
7921354
7921355
7921356
7921357
7921358
7921359
7921360
7921361
7921362
7921363
7921364
7921365
7921366
7921367
7921368
7921369
7921370
7921371
7921372
7921373
7921374
7921375
7921376
7921379
7921380
7921381
